# keyframe format v1
fps 0
0
131
161
217
265
297
350
385
465
496
513
556
589
651
752
822
831
854
858
889
919
987
1033
1067
1098
1162
1168
1184
1195
1196
1212
1214
1240
1434
1501
1559
1617
1671
1792
1852
1969
2086
2203
2321
2437
2553
2671
2788
2904
3022
3143
3259
3591
3828
4105
4309
4487
4562
4606
4804
4929
5099
5218
5382
5451
5578
5740
5968
6160
6256
6302
6512
6670
6738
6816
6840
7007
7091
7153
7222
7456
7458
7831
8011
8197
8307
8388
8579
8722
8907
9174
9191
9195
9367
9425
9490
9540
9587
9628
9679
9725
9771
9830
9919
9978
10049
10237
10420
10615
10707
10749
10844
10895
11087
11300
11420
11438
11479
11532
11867
11924
12009
12065
12335
12428
12602
12673
12793
13009
13150
13279
13476
13569
13680
13767
13860
13992
14077
14197
14328
14367
14423
14471
14561
14620
14704
14824
14908
15136
15202
15471
15534
15738
15810
15892
15936
15995
16055
16317
16433
16542
16914
17004
17149
17207
17252
17288
17306
17329
17389
17540
17660
17849
17933
18158
18348
18413
18431
18463
18504
18551
18606
18808
18922
18975
19034
19190
19294
19349
19421
19488
19547
19727
19835
19895
20414
20501
20546
20622
20704
20800
20862
20955
21027
21058
21089
21099
21237
21524
21596
21907
21961
22025
22085
22249
22332
22503
22553
22624
22710
22950
23000
23062
23087
23108
23191
23207
23208
23219
23277
23349
23353
23354
23396
23455
23538
23621
23665
23672
23676
23720
23769
23825
23897
23991
24041
24093
24136
24198
24246
24323
24398
24458
24460
24477
24564
24611
24642
24655
24686
24716
24785
24819
24877
25009
25054
25104
25136
25273
25350
25377
25453
25510
25632
25901
25960
26081
26225
26314
26412
26472
26544
26633
26954
27078
27126
27324
27432
27582
27692
27865
28015
28170
28314
28413
28473
28608
28724
28908
29016
29136
29325
29511
29901
29973
30094
30259
30363
30501
30561
30609
30777
30929
31145
31227
31381
31459
31513
31615
31639
31659
31733
31768
31791
31882
31930
32014
32092
32191
32239
32259
32791
33199
33229
33238
33295
33301
33493
33643
33646
34144
34147
34150
34153
