# keyframe format v1
fps 0
0
131
161
217
265
316
350
385
465
496
513
556
589
651
752
822
831
854
858
889
919
987
1033
1067
1098
1162
1168
1184
1195
1196
1212
1214
1240
1434
1501
1559
1617
1671
1792
1852
1969
2086
2203
2321
2437
2553
2671
2788
2904
3022
3143
3259
3591
3667
3788
3896
3977
4305
4359
4466
4561
4588
4684
4768
4825
4879
5051
5159
5321
5405
5537
5891
6050
6399
6429
6488
6541
6679
6763
7148
7294
7481
7652
7892
8044
8153
8301
8329
8511
8595
8745
8840
9016
9110
9183
9238
9428
9466
9499
9557
9607
9673
9764
9812
9931
10074
10301
10361
10478
10842
11041
11219
11409
11490
11582
11678
11774
11879
11997
12180
12276
12372
12526
12622
12781
12875
13027
13162
13247
13323
13507
13644
13785
13867
14189
14278
14362
14470
14506
14538
14579
14635
14694
14721
14750
14822
14996
15054
15150
15224
15349
15428
15521
15671
15745
15928
15989
16135
16215
16498
16577
16670
16717
16766
16836
16931
17032
17074
17196
17498
17624
17732
17943
17977
18161
18303
18483
18736
18832
18921
19235
19343
19451
19688
19768
19951
20078
20265
20337
20409
20505
20648
20781
20829
20899
20982
21079
21372
21490
21615
21710
21894
22013
22109
22276
22336
22537
22651
22769
22833
22888
22913
22986
23058
23142
23195
23267
23386
23443
23463
23608
23698
23829
23929
24000
24106
24212
24350
24393
24443
24452
24487
24503
24603
24669
24756
24788
24910
24938
24968
25051
25473
25597
25644
25737
25789
25844
25899
26124
26157
26216
26251
26284
26353
26401
26461
26515
26551
26591
26607
26663
26681
26744
26832
26888
26982
27029
27042
27116
27307
27357
27392
27404
27439
27496
27544
27626
27666
27722
27778
27832
27938
28045
28075
28197
28359
28537
28669
28765
28933
29023
29206
29343
29571
29782
29828
30053
30211
30379
30847
30930
31260
31351
31462
31635
31730
31763
31811
31942
32014
32092
32188
32239
32259
32791
33199
33229
33244
33292
33301
33493
33619
33646
34144
34147
34150
34153
