# keyframe format v1
fps 0
0
161
191
247
295
319
346
380
415
495
526
543
586
619
681
782
852
861
884
888
919
949
1017
1063
1097
1128
1192
1198
1214
1225
1226
1242
1244
1270
1464
1531
1589
1647
1701
1822
1882
1999
2116
2233
2351
2467
2583
2701
2818
2934
3052
3173
3289
3621
3697
3818
3926
4007
4335
4389
4496
4505
4591
4618
4714
4798
4855
4909
5081
5189
5351
5435
5567
5921
6080
6429
6459
6518
6571
6709
6793
7178
7324
7511
7682
7922
8074
8183
8331
8359
8541
8625
8775
8870
9046
9140
9213
9268
9458
9496
9529
9587
9637
9703
9794
9842
9961
10104
10331
10391
10508
10872
11071
11249
11439
11520
11612
11708
11804
11909
12027
12210
12306
12402
12556
12652
12811
12905
13057
13192
13277
13353
13537
13674
13815
13897
14219
14308
14392
14500
14536
14568
14609
14665
14724
14751
14780
14852
15026
15084
15180
15254
15379
15458
15551
15701
15775
15958
16019
16165
16245
16528
16607
16700
16747
16796
16866
16961
17062
17104
17226
17528
17654
17762
17973
18007
18191
18333
18513
18766
18862
18951
19265
19373
19481
19718
19798
19981
20108
20295
20367
20439
20535
20678
20811
20859
20929
21012
21109
21402
21520
21645
21740
21924
22043
22139
22306
22366
22567
22681
22799
22863
22918
22943
23016
23088
23172
23225
23297
23416
23473
23493
23638
23728
23859
23959
24030
24136
24242
24380
24423
24473
24482
24517
24533
24633
24699
24786
24818
24940
24968
24998
25081
25395
25503
25627
25674
25767
25819
25874
25929
26154
26187
26246
26281
26314
26383
26431
26491
26545
26581
26621
26637
26693
26711
26774
26862
26918
27012
27059
27072
27146
27337
27387
27422
27434
27526
27574
27656
27696
27752
27808
27862
27968
28075
28105
28227
28389
28567
28699
28795
28963
29053
29236
29373
29601
29812
29858
30083
30241
30409
30877
30960
31290
31381
31492
31665
31760
31793
31841
31972
32044
32122
32269
32289
32530
32821
33229
33259
33274
33325
33331
33523
33649
33673
33676
34174
34177
34180
34183
34311
34429
