# keyframe format v1
fps 0
0
161
191
247
295
327
380
415
495
526
543
586
619
681
782
852
861
884
888
919
949
1017
1063
1097
1128
1192
1198
1214
1225
1226
1242
1244
1270
1464
1531
1589
1647
1701
1822
1882
1999
2116
2233
2351
2467
2583
2701
2818
2934
3052
3173
3289
3621
3858
4135
4339
4517
4592
4636
4834
4959
5129
5248
5412
5481
5608
5770
5998
6190
6286
6332
6542
6700
6768
6846
6870
7037
7121
7183
7252
7486
7488
7861
8041
8227
8337
8418
8609
8752
8937
9204
9221
9225
9397
9455
9520
9570
9617
9658
9709
9755
9801
9860
9949
10008
10079
10267
10450
10645
10737
10779
10874
10925
11117
11330
11450
11468
11509
11562
11897
11954
12039
12095
12365
12458
12632
12703
12823
13039
13180
13309
13506
13599
13710
13797
13890
14022
14107
14227
14358
14397
14453
14501
14591
14650
14734
14854
14938
15166
15232
15501
15564
15768
15840
15922
15966
16025
16085
16347
16463
16572
16944
17034
17179
17237
17282
17318
17336
17359
17419
17570
17690
17879
17963
18188
18378
18443
18461
18493
18534
18581
18636
18838
18952
19005
19064
19220
19324
19379
19451
19518
19577
19649
19757
19865
19925
20444
20531
20576
20652
20734
20830
20892
20985
21057
21088
21119
21129
21267
21554
21626
21937
21991
22055
22115
22279
22362
22533
22583
22654
22740
22980
23030
23092
23117
23138
23221
23237
23238
23249
23307
23379
23381
23383
23384
23426
23485
23568
23651
23695
23702
23706
23750
23799
23855
23927
24021
24071
24123
24166
24228
24276
24353
24428
24488
24490
24507
24594
24641
24672
24685
24716
24746
24815
24849
24907
25039
25084
25134
25166
25303
25380
25407
25483
25540
25662
25931
25990
26111
26255
26344
26442
26502
26574
26663
26984
27108
27156
27354
27462
27612
27722
27895
28045
28200
28344
28443
28503
28638
28754
28938
29046
29166
29355
29541
29931
30003
30124
30289
30393
30531
30591
30639
30807
30959
31175
31257
31411
31489
31543
31645
31669
31689
31763
31798
31821
31912
31960
32044
32122
32206
32269
32289
32530
32821
33229
33259
33283
33322
33331
33523
33649
33673
33676
34174
34177
34180
34183
34311
34429
