# keyframe format v1
fps 0
0
161
191
247
295
346
380
415
495
526
543
586
619
681
782
852
861
884
888
919
949
1017
1063
1097
1128
1192
1198
1214
1225
1226
1242
1244
1270
1464
1531
1589
1647
1701
1822
1882
1999
2116
2233
2351
2467
2583
2701
2818
2934
3052
3173
3289
3622
3810
3884
4043
4121
4182
4228
4298
4582
4764
5021
5267
5531
5674
5770
6118
6190
6258
6329
6376
6427
6464
6810
7038
7072
7106
7141
7177
7225
7480
7546
7691
7906
7951
8026
8127
8257
8331
8424
8588
8786
9082
9238
9376
9534
9658
9739
9862
9937
10033
10101
10232
10364
10438
10498
10547
10582
10674
10703
10715
10743
10760
10788
10799
10818
10857
10878
10883
10928
10961
11014
11016
11020
11022
11026
11028
11032
11038
11043
11049
11051
11055
11057
11061
11067
11073
11076
11125
11148
11229
11357
11394
11506
11612
11691
11786
11848
12016
12067
12234
12300
12364
12410
12506
12580
12789
12877
12914
13114
13274
13572
13666
13747
13814
13944
14172
14211
14239
14284
14300
14443
14468
14490
14513
14552
14584
14593
14609
14615
14635
14646
14668
14705
14722
14736
14961
15073
15163
15252
15341
15347
15376
15404
15418
15475
15556
15617
15735
15860
15969
16077
16144
16256
16345
16410
16440
16474
16520
16641
16711
16783
16961
17047
17095
17224
17281
17317
17540
17584
17657
17700
17759
17878
17960
18025
18107
18158
18203
18272
18284
18418
18462
18528
18621
18857
19098
19193
19266
19433
19482
19537
19587
19612
19663
19712
19759
19816
19881
19956
19994
20037
20115
20154
20217
20266
20332
20416
20506
20648
20851
20970
21114
21186
21247
21392
21411
21417
21423
21432
21438
21455
21503
21590
21746
21831
21885
21969
22008
22066
22090
22149
22181
22250
22309
22340
22371
22419
22466
22474
22500
22521
22524
22533
22539
22578
22583
22649
22752
22820
22868
22917
22970
22999
23036
23072
23101
23160
23205
23214
23230
23270
23301
23340
23359
23388
23471
23495
23524
23549
23613
23691
23739
23817
23853
23933
23982
24049
24094
24143
24175
24176
24240
24309
24368
24432
24473
24508
24551
24587
24618
24685
24725
24773
24833
24917
24949
24974
25008
25074
25117
25125
25174
25200
25268
25302
25361
25458
25539
25623
25695
25745
25836
25892
25952
26194
26254
26323
26360
26378
26382
26412
26435
26516
26570
26624
26665
26736
26790
26831
26894
26941
26987
27058
27086
27113
27117
27161
27188
27266
27300
27327
27342
27378
27452
27480
27525
27665
27725
27770
27823
27862
28024
28158
28238
28276
28366
28450
28527
28589
28683
28730
28781
28935
28977
28983
29054
29119
29164
29215
29272
29375
29455
29513
29546
29624
29674
29804
29864
29958
30236
30318
30368
30440
30559
30605
30676
30800
31107
31267
31371
31472
31598
31932
32045
32123
32219
32270
32290
32531
32822
33230
33260
33284
33323
33332
33524
33650
33674
33677
34175
34178
34181
34184
34312
34430
