# keyframe format v1
fps 0
0
161
191
247
295
346
380
415
495
526
543
586
619
681
782
852
861
884
888
919
949
1017
1063
1097
1128
1192
1198
1214
1225
1226
1242
1244
1270
1464
1620
1737
1943
2172
2256
2400
2496
2559
2646
2729
2803
2874
2994
3045
3269
3350
3405
3499
3635
3688
3810
3906
4254
4383
4443
4496
4601
4773
5036
5215
5274
5397
5466
5850
6006
6059
6104
6424
6556
6604
6652
6823
6955
7021
7090
7366
7623
7740
7805
7839
7941
8088
8220
8264
8345
8429
8597
8693
8786
8829
8916
8974
8998
9035
9086
9144
9228
9349
9386
9439
9473
9517
9531
9616
9665
9707
9781
9842
9891
9928
9932
9961
10013
10147
10195
10241
10290
10340
10348
10522
10563
10587
10657
10664
10724
10752
10803
10830
10872
10926
10956
11021
11068
11139
11180
11216
11222
11256
11290
11304
11332
11334
11350
11362
11390
11416
11459
11498
11531
11699
11738
11922
12002
12023
12029
12041
12047
12068
12095
12099
12179
12189
12225
12249
12270
12333
12500
12818
12855
12863
12934
13606
13732
13795
13992
14124
14242
14326
14416
14518
14626
14734
14875
14983
15079
15157
15229
15460
15528
15869
16061
16339
16522
16714
16798
16895
17027
17656
18001
18127
18311
18548
18628
19330
19630
19677
19848
19968
20088
20287
20403
20611
20633
20682
20726
20780
20817
20880
20942
20997
21047
21114
21185
21228
21253
21309
21337
21340
21402
21486
21500
21510
21595
21696
21786
21853
21905
21987
22107
22209
22250
22322
22386
22406
22424
22426
22453
22495
22527
22590
22606
22650
22697
22727
22803
22812
22815
22817
22863
22938
22998
23082
23161
23192
23285
23287
23332
23469
23551
23652
23691
23692
23717
23786
23822
23826
23886
23937
23989
23995
24018
24052
24096
24138
24236
24343
24403
24496
24551
24682
24689
24693
24717
24895
24950
24972
25038
25067
25139
25173
25175
25180
25224
25225
25234
25238
25247
25288
25293
25297
25329
25350
25352
25362
25363
25377
25443
25477
25531
25577
25600
25601
25603
25614
25616
25620
25640
25682
25718
25793
25820
25884
25917
25947
25954
25991
25998
26011
26021
26063
26068
26108
26148
26204
26251
26319
26430
26486
26532
26572
26634
26680
26752
26803
26864
26912
26950
27001
27115
27188
27245
27284
27524
27637
27742
27809
27856
28048
28090
28113
28185
28212
28292
28312
28354
28369
28402
28426
28543
28563
28602
28679
28714
28761
28792
28844
28868
28924
28977
29036
29095
29173
29229
29231
29398
29487
29553
29697
29756
29862
29909
30107
30179
30511
30723
30853
30970
30994
31030
31228
31291
31359
31424
31714
31873
31942
32044
32122
32218
32269
32289
32530
32836
33229
33259
33274
33322
33331
33523
33649
33676
33757
34174
34177
34180
34183
34309
34427
