# keyframe format v1
fps 0
0
131
161
217
265
316
350
385
465
496
513
556
589
651
752
822
831
854
858
889
919
987
1033
1067
1098
1162
1168
1184
1195
1196
1212
1214
1240
1434
1501
1559
1617
1671
1792
1852
1969
2086
2203
2321
2437
2553
2671
2788
2904
3022
3143
3259
3592
3780
3854
4013
4152
4198
4268
4552
4734
4991
5237
5501
5644
5740
6088
6160
6228
6299
6346
6397
6434
6780
7008
7042
7076
7111
7147
7195
7450
7516
7661
7876
7921
7996
8097
8227
8301
8394
8558
8756
9052
9208
9346
9504
9628
9709
9832
9907
10003
10071
10202
10334
10408
10468
10517
10552
10644
10673
10685
10713
10730
10758
10769
10788
10827
10848
10853
10898
10931
10984
10986
10990
10992
10996
10998
11002
11008
11013
11019
11021
11025
11027
11031
11033
11037
11043
11046
11095
11118
11199
11327
11364
11476
11582
11661
11756
11818
11986
12037
12204
12270
12334
12380
12476
12550
12759
12847
12884
13084
13244
13542
13636
13717
13784
13914
14142
14181
14209
14254
14270
14413
14438
14460
14483
14522
14554
14563
14579
14585
14605
14632
14656
14682
14692
14706
14931
15043
15133
15222
15311
15317
15346
15374
15404
15445
15526
15587
15705
15830
15938
16046
16113
16225
16314
16379
16409
16443
16489
16610
16680
16752
16930
17016
17064
17193
17250
17286
17509
17553
17626
17669
17728
17847
17929
17994
18076
18127
18241
18253
18387
18431
18497
18590
18826
19067
19162
19235
19402
19451
19506
19556
19581
19632
19681
19728
19785
19850
19925
19963
20006
20084
20123
20186
20235
20301
20385
20475
20617
20820
20939
21083
21155
21216
21361
21380
21386
21392
21401
21407
21424
21472
21559
21715
21800
21854
21938
21977
22035
22059
22118
22150
22219
22278
22309
22340
22388
22435
22443
22469
22490
22493
22502
22508
22547
22552
22618
22721
22789
22837
22886
22939
22968
23005
23041
23070
23129
23174
23183
23199
23239
23270
23309
23328
23357
23440
23464
23493
23518
23582
23660
23708
23786
23827
23902
23951
24018
24063
24112
24144
24145
24209
24278
24337
24401
24442
24477
24520
24556
24587
24654
24694
24742
24802
24886
24918
24943
24977
25043
25086
25094
25143
25169
25237
25271
25330
25427
25508
25592
25664
25714
25805
25861
25921
26163
26223
26292
26329
26347
26351
26381
26404
26485
26539
26593
26634
26705
26759
26800
26863
26910
26956
27027
27055
27082
27086
27130
27157
27235
27269
27296
27311
27347
27421
27449
27494
27634
27694
27739
27792
27831
27993
28127
28207
28245
28335
28419
28496
28558
28652
28699
28750
28904
28946
28952
29023
29088
29133
29184
29241
29344
29424
29482
29515
29593
29643
29773
29833
29927
30205
30287
30337
30409
30528
30574
30645
30769
31076
31236
31340
31441
31567
31901
32014
32092
32188
32239
32257
32791
33199
33229
33244
33292
33301
33493
33619
33643
33646
34144
34147
34150
34153
