# keyframe format v1
fps 0
0
24
91
149
207
261
382
442
559
676
793
911
1027
1143
1261
1378
1494
1612
1733
1849
2265
2341
2543
2656
2705
2857
2999
3175
3249
3332
3392
3437
3551
3710
3730
3732
3733
3740
3745
3802
3811
3832
3886
3959
4012
4072
4184
4268
4409
4559
4648
4831
5003
5095
5360
5491
5638
5695
5778
5889
6070
6209
6354
6453
6557
6606
6696
6971
7301
7889
8109
8286
8345
8428
8500
8579
8663
8753
8859
8996
9092
9521
9624
9729
9797
10040
10119
10210
10329
10412
10601
10757
10865
11094
11214
11288
11388
11490
11730
12117
12294
12365
12461
12527
12623
12733
12841
12857
12949
13171
13435
13519
13591
13695
13750
13850
13934
14017
14077
14160
14252
14312
14495
14621
14678
14736
14843
15053
15137
15221
15305
15377
15461
15521
15593
15677
15748
15820
15904
16000
16060
16144
16216
16300
16360
16443
16623
16694
16766
16826
16898
16962
17031
17100
17158
17218
17362
17433
17505
17607
17673
17745
17793
17835
17889
17973
18057
18177
18225
18321
18429
18507
18555
18681
18774
18834
18912
18972
19044
19179
19261
19333
19405
19537
19630
19748
19912
20097
20241
20343
20439
20559
20675
20831
20918
20981
21124
21218
21286
21367
21420
21462
21546
21629
21772
21835
21979
22039
22099
22159
22255
22374
22431
22567
22758
22902
23136
23236
23380
23523
23629
23747
23865
23948
24067
24187
24331
24499
24553
24671
24803
25003
25108
25204
25331
25434
25603
25755
25860
26061
26336
26367
26462
26534
26594
26785
26894
27237
27347
27464
27794
27901
28017
28158
28299
28495
28680
28831
28902
28956
29061
29182
29326
29545
29713
29810
29881
30139
30235
30355
30616
30720
30820
30949
31024
31151
31253
31294
31352
31423
31482
31618
31684
31729
31813
31845
31938
32046
32124
32220
32271
32291
32532
32823
33231
33255
33270
33324
33333
33525
33651
33678
34176
34179
34182
34185
34311
34429
