# keyframe format v1
fps 0
0
24
91
149
207
261
382
442
559
676
793
911
1027
1143
1261
1378
1494
1612
1733
1849
2394
2461
2511
2649
2733
2820
2883
3028
3089
3146
3244
3409
3531
3681
3735
3819
3901
3913
3961
4021
4136
4334
4613
4673
4787
4883
5002
5098
5186
5295
5387
5440
5572
5643
5808
5963
6057
6177
6333
6378
6424
6558
6597
6667
6710
6827
6869
6964
7120
7179
7252
7306
7385
7442
7515
7647
7729
7821
7912
8057
8218
8401
8517
8589
8653
8688
8721
8793
8852
9044
9117
9206
9262
9343
9423
9560
9656
9746
9828
9862
9987
10045
10201
10311
10403
10538
10697
10817
10945
11087
11141
11213
11399
11505
11620
11752
11827
11911
12037
12099
12207
12345
12420
12551
12646
12922
13225
13371
13501
13585
13753
13856
14038
14147
14255
14321
14368
14404
14493
14556
14612
14662
14734
14772
14844
14925
15159
15269
15361
15384
15424
15448
15514
15551
15741
15815
15908
15956
16012
16084
16130
16364
16412
16464
16704
16769
16841
17007
17151
17265
17337
17435
17521
17627
17683
17742
17825
17837
17942
18014
18101
18178
18250
18350
18452
18529
18588
18658
18714
18821
18926
19057
19306
19364
19419
19478
19607
19655
19715
19833
19890
19954
19971
19989
19993
19995
20000
20019
20105
20154
20205
20277
20318
20494
20532
20654
20828
20962
21039
21264
21501
21594
21654
21761
21896
22106
22318
22402
22575
22629
22736
22916
23025
23196
23298
23406
23536
23569
23640
23754
23799
23849
24093
24387
24559
24598
24752
24820
24890
24962
25042
25126
25194
25300
25347
25348
25349
25390
25437
25485
25518
25576
25616
25617
25618
25649
25703
25747
25792
25811
25837
25865
25866
25867
25868
25899
25927
25947
25981
26080
26118
26158
26178
26193
26239
26296
26323
26392
26525
26601
26620
26627
26644
26658
26693
26738
26805
26856
26903
26943
26955
26984
27020
27080
27169
27206
27215
27251
27302
27332
27417
27468
27527
27640
27700
27801
27873
27942
27973
28033
28093
28142
28303
28363
28435
28490
28556
28628
28682
28729
28799
28913
29004
29090
29173
29436
29495
29691
29871
30056
30217
30277
30362
30410
30506
30547
30678
30879
30939
31038
31230
31377
31449
31533
31593
31665
31737
31848
32045
32123
32219
32270
32290
32828
33230
33260
33275
33323
33332
33524
33674
33677
34175
34178
34181
34184
34311
34429
