# keyframe format v1
fps 0
0
131
161
217
265
297
350
385
465
496
513
556
589
651
752
822
831
854
858
889
919
987
1033
1067
1098
1162
1168
1184
1195
1196
1212
1214
1240
1434
1501
1559
1617
1671
1792
1852
1969
2086
2203
2321
2437
2553
2671
2788
2904
3022
3143
3259
3735
3855
3939
4023
4185
4328
4400
4496
4562
4814
4883
4928
5003
5117
5236
5407
5590
5709
5852
5890
5986
6178
6246
6324
6435
6480
6707
6760
6977
7044
7123
7231
7471
7504
7558
7663
7788
7846
7942
8016
8367
8412
8456
8460
8539
8543
8596
8641
8715
8819
8874
8993
9090
9130
9322
9382
9506
9608
9643
9703
9778
9860
9909
9985
10013
10112
10164
10202
10298
10326
10369
10408
10429
10577
10598
10625
10655
10693
10719
10745
10779
10807
10825
10837
10845
10878
10902
10971
11034
11100
11277
11313
11363
11393
11442
11470
11502
11691
11768
11966
12033
12086
12098
12170
12362
12451
12521
12571
12692
12835
12893
12901
12963
12996
13044
13161
13259
13384
13447
13616
13766
13845
14103
14175
14176
14261
14356
14406
14564
14723
15140
15237
15318
15437
15766
15937
16165
16358
16574
16670
16763
16843
16922
17006
17163
17271
17344
17432
17508
17717
17756
17822
17879
17926
18007
18099
18265
18428
18654
18747
18789
18858
18934
19079
19405
19585
19728
19833
19904
19975
20039
20096
20129
20208
20254
20338
20404
20469
20555
20660
20731
20884
21142
21285
21646
21789
21842
21893
21954
22008
22066
22111
22279
22350
22420
22480
22513
22543
22579
22638
22703
22737
22839
22947
22980
22997
23090
23115
23212
23296
23451
23513
23551
23555
23557
23647
23759
23835
23893
23945
24017
24109
24194
24407
24503
24548
24599
24662
24872
24919
25051
25087
25134
25155
25166
25202
25212
25244
25259
25276
25306
25366
25411
25425
25455
25482
25500
25506
25524
25529
25541
25547
25576
25623
25700
25758
25803
25862
25910
25931
25958
26012
26089
26137
26189
26267
26343
26405
26476
26562
26627
26659
26691
26844
26966
27048
27112
27170
27222
27328
27382
27448
27542
27614
27679
27751
27925
27967
28036
28138
28184
28240
28274
28278
28286
28318
28406
28494
28563
28755
28932
29007
29089
29209
29305
29365
29497
29573
29678
29689
29768
29873
29943
29986
30130
30170
30208
30257
30297
30348
30587
30628
30688
30747
30795
30817
30841
31036
31324
31408
31492
31618
31684
31771
31787
32014
32092
32188
32239
32259
32791
33199
33229
33253
33295
33301
33493
33619
33643
33646
34144
34147
34150
34153
